 1 1
    0.037731367000    0.000000000000    0.037731367000    0.000000000000
    0.037731367000    0.000000000000    0.037731367000    0.000000000000
    0.037731367000    0.000000000000    0.037731367000    0.000000000000
    0.037731367000    0.000000000000    0.037731367000    0.000000000000
    0.037731367000    0.000000000000    0.037731367000    0.000000000000
    0.037731367000    0.000000000000    0.037731367000    0.000000000000
    0.037731367000    0.000000000000    0.037731367000    0.000000000000
    0.037731367000    0.000000000000    0.037731367000    0.000000000000
    0.037731367000    0.000000000000    0.037731367000    0.000000000000
    0.037731367000    0.000000000000    0.037731367000    0.000000000000
    0.037731367000    0.000000000000    0.037731367000    0.000000000000
    0.037731367000    0.000000000000    0.037731367000    0.000000000000
    0.037731367000    0.000000000000    0.037731367000    0.000000000000
    0.037731367000    0.000000000000    0.037731367000    0.000000000000
    0.037731367000    0.000000000000    0.037731367000    0.000000000000
    0.037731367000    0.000000000000    0.037731367000    0.000000000000
    0.037731367000    0.000000000000    0.037731367000    0.000000000000
    0.037731367000    0.000000000000    0.037731367000    0.000000000000
    0.037731367000    0.000000000000    0.037731367000    0.000000000000
    0.037731367000    0.000000000000    0.037731367000    0.000000000000
    0.037731367000    0.000000000000    0.037731367000    0.000000000000
    0.037731367000    0.000000000000    0.037731367000    0.000000000000
    0.037731367000    0.000000000000    0.037731367000    0.000000000000
    0.037731367000    0.000000000000    0.037731367000    0.000000000000
    0.037731367000    0.000000000000    0.037731367000    0.000000000000
    0.037731367000    0.000000000000    0.037731367000    0.000000000000
    0.037731367000    0.000000000000    0.039072167533   -0.015430639620
    0.002027887748    0.052531213032    0.035227160454    0.053476415333
    0.022052255950    0.023804104803    0.027555174826    0.047411451818
    0.060216376472    0.043775808800    0.058524214622    0.087783160006
    0.095348087617    0.077399161018    0.063776053530    0.014119829412
    0.016884252844    0.036049354819    0.029961171937    0.044549493311
    0.049096288491    0.034624242261    0.041124574131    0.038013465255
    0.023332106485    0.019216379172    0.018141323819    0.024122907258
    0.021191904448    0.032151398607    0.026434741879   -0.010836031325
   -0.017080290524   -0.026995492015   -0.021852583436   -0.023023416902
   -0.018828681869   -0.012977109021    0.019866069596    0.035893042032
    0.035900163052    0.035907284234    0.035914405092    0.035921526112
    0.035928647131    0.035935768314    0.035942889171   -0.887564859030
    0.037731367000    0.000000000000    0.037731367000    0.000000000000
    0.000000000000    0.000000000000    0.000000000000    0.000000000000
    0.000000000000    0.000000000000    0.000000000000    0.000000000000
    0.000000000000    0.000000000000    0.000000000000    0.000000000000
    0.000000000000    0.000000000000    0.000000000000    0.000000000000
    0.000000000000    0.000000000000    0.000000000000    0.000000000000
    0.000000000000    0.000000000000    0.000000000000    0.000000000000
    0.000000000000    0.000000000000    0.000000000000    0.000000000000
    0.000000000000    0.000000000000    0.000000000000    0.000000000000
    0.000000000000    0.000000000000    0.000000000000    0.000000000000
    0.000000000000    0.000000000000    0.000000000000
 1 2
    3.202247319000    0.000000000000    3.217387716000    0.000000000000
    3.232528114000    0.000000000000    3.247668511000    0.000000000000
    3.262808909000    0.000000000000    3.277949306000    0.000000000000
    3.293089704000    0.000000000000    3.308230101000    0.000000000000
    3.323370499000    0.000000000000    3.338510896000    0.000000000000
    3.353651294000    0.000000000000    3.368791691000    0.000000000000
    3.383932089000    0.000000000000    3.399072487000    0.000000000000
    3.414212884000    0.000000000000    3.429353282000    0.000000000000
    3.444493679000    0.000000000000    3.459634077000    0.000000000000
    3.474774474000    0.000000000000    3.489914872000    0.000000000000
    3.505055269000    0.000000000000    3.520195667000    0.000000000000
    3.535336064000    0.000000000000    3.550476462000    0.000000000000
    3.565616859000    0.000000000000    3.580757257000    0.000000000000
    3.595897654000    0.000000000000    3.611038052000    0.000000000000
    3.626178449000    0.000000000000    3.641318847000    0.000000000000
    3.656459245000    0.000000000000    3.671599642000    0.000000000000
    3.686740040000    0.000000000000    3.701880437000    0.000000000000
    3.717020835000    0.000000000000    3.732161232000    0.000000000000
    3.747301630000    0.000000000000    3.762442027000    0.000000000000
    3.777582425000    0.000000000000    3.792722822000    0.000000000000
    3.807863220000    0.000000000000    3.823003617000    0.000000000000
    3.838144015000    0.000000000000    3.853284412000    0.000000000000
    3.868424810000    0.000000000000    3.883565208000    0.000000000000
    3.898705605000    0.000000000000    3.913846003000    0.000000000000
    3.928986400000    0.000000000000    3.944126798000    0.000000000000
    3.959267195000    0.000000000000    3.974407593000    0.000000000000
    3.989547990000    0.000000000000   -0.000000000000   -0.000000000000
    0.000000000000    0.000000000000    0.000000000000    0.000000000000
    0.000000000000    0.000000000000    0.000000000000   -0.000000000000
   -0.000000000000    0.000000000000    0.000000000000    0.000000000000
    0.000000000000    0.000000000000    0.000000000000    0.000000000000
    0.000000000000    0.000000000000    0.000000000000    0.000000000000
   -0.000000000000   -0.000000000000    0.000000000000    0.000000000000
   -0.000000000000    0.000000000000    0.000000000000    0.000000000000
    0.000000000000    0.000000000000    0.000000000000    0.000000000000
    0.000000000000    0.000000000000    0.000000000000    0.000000000000
    0.000000000000    0.000000000000   -0.000000000000    0.000000000000
    0.000000000000    0.000000000000   -0.000000000000    0.000000000000
   -0.000000000000    0.000000000000    0.000000000000    0.000000000000
    4.383198326000    0.000000000000    4.398338724000    0.000000000000
    0.000000000000    0.000000000000    0.000000000000    0.000000000000
    0.000000000000    0.000000000000    0.000000000000    0.000000000000
    0.000000000000    0.000000000000    0.000000000000    0.000000000000
    0.000000000000    0.000000000000    0.000000000000    0.000000000000
    0.000000000000    0.000000000000    0.000000000000    0.000000000000
    0.000000000000    0.000000000000    0.000000000000    0.000000000000
    0.000000000000    0.000000000000    0.000000000000    0.000000000000
    0.000000000000    0.000000000000    0.000000000000    0.000000000000
    0.000000000000    0.000000000000    0.000000000000    0.000000000000
    0.000000000000    0.000000000000    0.000000000000
 1 3
    3.792248477000    0.000000000000    3.807227193000    0.000000000000
    3.822205909000    0.000000000000    3.837184626000    0.000000000000
    3.852163342000    0.000000000000    3.867142058000    0.000000000000
    3.882120774000    0.000000000000    3.897099490000    0.000000000000
    3.912078207000    0.000000000000    3.927056923000    0.000000000000
    3.942035639000    0.000000000000    3.957014355000    0.000000000000
    3.971993071000    0.000000000000    3.986971787000    0.000000000000
    4.001950504000    0.000000000000    4.016929220000    0.000000000000
    4.031907936000    0.000000000000    4.046886652000    0.000000000000
    4.061865368000    0.000000000000    4.076844084000    0.000000000000
    4.091822801000    0.000000000000    4.106801517000    0.000000000000
    4.121780233000    0.000000000000    4.136758949000    0.000000000000
    4.151737665000    0.000000000000    4.166716381000    0.000000000000
    4.181695098000    0.000000000000    4.196673814000    0.000000000000
    4.211652530000    0.000000000000    4.226631246000    0.000000000000
    4.241609962000    0.000000000000    4.256588679000    0.000000000000
    4.271567395000    0.000000000000    4.286546111000    0.000000000000
    4.301524827000    0.000000000000    4.316503543000    0.000000000000
    4.331482259000    0.000000000000    4.346460976000    0.000000000000
    4.361439692000    0.000000000000    4.376418408000    0.000000000000
    4.391397124000    0.000000000000    4.406375840000    0.000000000000
    4.421354556000    0.000000000000    4.436333273000    0.000000000000
    4.451311989000    0.000000000000    4.466290705000    0.000000000000
    4.481269421000    0.000000000000    4.496248137000    0.000000000000
    4.511226854000    0.000000000000    4.526205570000    0.000000000000
    4.541184286000    0.000000000000    4.556163002000    0.000000000000
    4.571141718000    0.000000000000    0.000000000000    0.000000000000
    0.000000000000    0.000000000000    0.000000000000    0.000000000000
   -0.000000000000    0.000000000000    0.000000000000    0.000000000000
    0.000000000000    0.000000000000   -0.000000000000   -0.000000000000
    0.000000000000   -0.000000000000    0.000000000000    0.000000000000
   -0.000000000000    0.000000000000   -0.000000000000    0.000000000000
    0.000000000000    0.000000000000   -0.000000000000    0.000000000000
    0.000000000000    0.000000000000   -0.000000000000   -0.000000000000
    0.000000000000    0.000000000000   -0.000000000000    0.000000000000
   -0.000000000000    0.000000000000   -0.000000000000    0.000000000000
   -0.000000000000    0.000000000000    0.000000000000    0.000000000000
    0.000000000000    0.000000000000    0.000000000000   -0.000000000000
    0.000000000000   -0.000000000000   -0.000000000000   -0.000000000000
    4.960588339000    0.000000000000    4.975567055000    0.000000000000
    0.000000000000    0.000000000000    0.000000000000    0.000000000000
    0.000000000000    0.000000000000    0.000000000000    0.000000000000
    0.000000000000    0.000000000000    0.000000000000    0.000000000000
    0.000000000000    0.000000000000    0.000000000000    0.000000000000
    0.000000000000    0.000000000000    0.000000000000    0.000000000000
    0.000000000000    0.000000000000    0.000000000000    0.000000000000
    0.000000000000    0.000000000000    0.000000000000    0.000000000000
    0.000000000000    0.000000000000    0.000000000000    0.000000000000
    0.000000000000    0.000000000000    0.000000000000    0.000000000000
    0.000000000000    0.000000000000    0.000000000000
 1 4
    2.293724769000    0.000000000000    2.306318458000    0.000000000000
    2.318912147000    0.000000000000    2.331505836000    0.000000000000
    2.344099524000    0.000000000000    2.356693213000    0.000000000000
    2.369286902000    0.000000000000    2.381880590000    0.000000000000
    2.394474279000    0.000000000000    2.407067968000    0.000000000000
    2.419661657000    0.000000000000    2.432255345000    0.000000000000
    2.444849034000    0.000000000000    2.457442723000    0.000000000000
    2.470036412000    0.000000000000    2.482630100000    0.000000000000
    2.495223789000    0.000000000000    2.507817478000    0.000000000000
    2.520411166000    0.000000000000    2.533004855000    0.000000000000
    2.545598544000    0.000000000000    2.558192233000    0.000000000000
    2.570785921000    0.000000000000    2.583379610000    0.000000000000
    2.595973299000    0.000000000000    2.608566988000    0.000000000000
    2.621160676000    0.000000000000    2.633754365000    0.000000000000
    2.646348054000    0.000000000000    2.658941742000    0.000000000000
    2.671535431000    0.000000000000    2.684129120000    0.000000000000
    2.696722809000    0.000000000000    2.709316497000    0.000000000000
    2.721910186000    0.000000000000    2.734503875000    0.000000000000
    2.747097564000    0.000000000000    2.759691252000    0.000000000000
    2.772284941000    0.000000000000    2.784878630000    0.000000000000
    2.797472318000    0.000000000000    2.810066007000    0.000000000000
    2.822659696000    0.000000000000    2.835253385000    0.000000000000
    2.847847073000    0.000000000000    2.860440762000    0.000000000000
    2.873034451000    0.000000000000    2.885628140000    0.000000000000
    2.898221828000    0.000000000000    2.910815517000    0.000000000000
    2.923409206000    0.000000000000    2.936002894000    0.000000000000
    2.948596583000    0.000000000000    0.073898153848   -0.028403199707
   -0.002536071593    0.047165302326    0.085738345225    0.026701062717
   -0.058491766920   -0.055547085866   -0.019196269943    0.009436831499
    0.052753050366   -0.011779616368    0.015114760456    0.067841460282
   -0.081102022892   -0.257493013303   -0.271640599697   -0.181934387944
   -0.028770205991   -0.037939842234   -0.126355406864   -0.030204158444
   -0.052010368772    0.023527737624   -0.088139341819   -0.062028224721
   -0.146955226240   -0.132955110888   -0.075635652456   -0.151673692568
   -0.117384422644   -0.224665805969   -0.281431829663   -0.321284148842
    0.096574341659   -0.140850409728   -0.211759427132   -0.156619400628
   -0.098899605107   -0.174766306887   -0.154697074304   -0.351048424104
   -0.143022010430   -0.150986856384   -0.158951709967   -0.166916560033
   -0.174881408623   -0.182846258689   -0.190811105643   -0.198775958226
    3.276032490000    0.000000000000    3.288626179000    0.000000000000
    0.000000000000    0.000000000000    0.000000000000    0.000000000000
    0.000000000000    0.000000000000    0.000000000000    0.000000000000
    0.000000000000    0.000000000000    0.000000000000    0.000000000000
    0.000000000000    0.000000000000    0.000000000000    0.000000000000
    0.000000000000    0.000000000000    0.000000000000    0.000000000000
    0.000000000000    0.000000000000    0.000000000000    0.000000000000
    0.000000000000    0.000000000000    0.000000000000    0.000000000000
    0.000000000000    0.000000000000    0.000000000000    0.000000000000
    0.000000000000    0.000000000000    0.000000000000    0.000000000000
    0.000000000000    0.000000000000    0.000000000000
 1 5
    3.202247319000    0.000000000000    3.217387716000    0.000000000000
    3.232528114000    0.000000000000    3.247668511000    0.000000000000
    3.262808909000    0.000000000000    3.277949306000    0.000000000000
    3.293089704000    0.000000000000    3.308230101000    0.000000000000
    3.323370499000    0.000000000000    3.338510896000    0.000000000000
    3.353651294000    0.000000000000    3.368791691000    0.000000000000
    3.383932089000    0.000000000000    3.399072487000    0.000000000000
    3.414212884000    0.000000000000    3.429353282000    0.000000000000
    3.444493679000    0.000000000000    3.459634077000    0.000000000000
    3.474774474000    0.000000000000    3.489914872000    0.000000000000
    3.505055269000    0.000000000000    3.520195667000    0.000000000000
    3.535336064000    0.000000000000    3.550476462000    0.000000000000
    3.565616859000    0.000000000000    3.580757257000    0.000000000000
    3.595897654000    0.000000000000    3.611038052000    0.000000000000
    3.626178449000    0.000000000000    3.641318847000    0.000000000000
    3.656459245000    0.000000000000    3.671599642000    0.000000000000
    3.686740040000    0.000000000000    3.701880437000    0.000000000000
    3.717020835000    0.000000000000    3.732161232000    0.000000000000
    3.747301630000    0.000000000000    3.762442027000    0.000000000000
    3.777582425000    0.000000000000    3.792722822000    0.000000000000
    3.807863220000    0.000000000000    3.823003617000    0.000000000000
    3.838144015000    0.000000000000    3.853284412000    0.000000000000
    3.868424810000    0.000000000000    3.883565208000    0.000000000000
    3.898705605000    0.000000000000    3.913846003000    0.000000000000
    3.928986400000    0.000000000000    3.944126798000    0.000000000000
    3.959267195000    0.000000000000    3.974407593000    0.000000000000
    3.989547990000    0.000000000000    0.045677507500    0.024070127700
    0.039487466800    0.034546567300    0.012342806800    0.053642280600
    0.041398550200    0.056835746200    0.023852420500    0.029932585000
    0.030280220900    0.032227761900    0.019281936400   -0.001335068400
    0.007352565800    0.024147743100    0.023089078700    0.031616794200
    0.016015007200    0.006158205800    0.014161562800    0.010038245200
    0.018795288700    0.027725027600    0.031603745600    0.016157350400
    0.028028493300    0.030617179600    0.016846175300    0.021493856700
    0.029578810100    0.014978876800   -0.006683041400   -0.010736485100
    0.013163114500    0.011436510200   -0.001751801100    0.002097326000
   -0.003253402400    0.002533458100    0.003471115500   -0.139956048000
   -0.098798623000   -0.102651529800   -0.106504436900   -0.110357342700
   -0.114210250500   -0.118063156300   -0.121916064100   -0.125768970200
    4.383198326000    0.000000000000    4.398338724000    0.000000000000
    0.000000000000    0.000000000000    0.000000000000    0.000000000000
    0.000000000000    0.000000000000    0.000000000000    0.000000000000
    0.000000000000    0.000000000000    0.000000000000    0.000000000000
    0.000000000000    0.000000000000    0.000000000000    0.000000000000
    0.000000000000    0.000000000000    0.000000000000    0.000000000000
    0.000000000000    0.000000000000    0.000000000000    0.000000000000
    0.000000000000    0.000000000000    0.000000000000    0.000000000000
    0.000000000000    0.000000000000    0.000000000000    0.000000000000
    0.000000000000    0.000000000000    0.000000000000    0.000000000000
    0.000000000000    0.000000000000    0.000000000000
 1 6
    3.202247319000    0.000000000000    3.217387716000    0.000000000000
    3.232528114000    0.000000000000    3.247668511000    0.000000000000
    3.262808909000    0.000000000000    3.277949306000    0.000000000000
    3.293089704000    0.000000000000    3.308230101000    0.000000000000
    3.323370499000    0.000000000000    3.338510896000    0.000000000000
    3.353651294000    0.000000000000    3.368791691000    0.000000000000
    3.383932089000    0.000000000000    3.399072487000    0.000000000000
    3.414212884000    0.000000000000    3.429353282000    0.000000000000
    3.444493679000    0.000000000000    3.459634077000    0.000000000000
    3.474774474000    0.000000000000    3.489914872000    0.000000000000
    3.505055269000    0.000000000000    3.520195667000    0.000000000000
    3.535336064000    0.000000000000    3.550476462000    0.000000000000
    3.565616859000    0.000000000000    3.580757257000    0.000000000000
    3.595897654000    0.000000000000    3.611038052000    0.000000000000
    3.626178449000    0.000000000000    3.641318847000    0.000000000000
    3.656459245000    0.000000000000    3.671599642000    0.000000000000
    3.686740040000    0.000000000000    3.701880437000    0.000000000000
    3.717020835000    0.000000000000    3.732161232000    0.000000000000
    3.747301630000    0.000000000000    3.762442027000    0.000000000000
    3.777582425000    0.000000000000    3.792722822000    0.000000000000
    3.807863220000    0.000000000000    3.823003617000    0.000000000000
    3.838144015000    0.000000000000    3.853284412000    0.000000000000
    3.868424810000    0.000000000000    3.883565208000    0.000000000000
    3.898705605000    0.000000000000    3.913846003000    0.000000000000
    3.928986400000    0.000000000000    3.944126798000    0.000000000000
    3.959267195000    0.000000000000    3.974407593000    0.000000000000
    3.989547990000    0.000000000000    0.045677507500    0.024070127700
    0.039487466800    0.034546567300    0.012342806800    0.053642280600
    0.041398550200    0.056835746200    0.023852420500    0.029932585000
    0.030280220900    0.032227761900    0.019281936400   -0.001335068400
    0.007352565800    0.024147743100    0.023089078700    0.031616794200
    0.016015007200    0.006158205800    0.014161562800    0.010038245200
    0.018795288700    0.027725027600    0.031603745600    0.016157350400
    0.028028493300    0.030617179600    0.016846175300    0.021493856700
    0.029578810100    0.014978876800   -0.006683041400   -0.010736485100
    0.013163114500    0.011436510200   -0.001751801100    0.002097326000
   -0.003253402400    0.002533458100    0.003471115500   -0.139956048000
   -0.098798623000   -0.102651529800   -0.106504436900   -0.110357342700
   -0.114210250500   -0.118063156300   -0.121916064100   -0.125768970200
    4.383198326000    0.000000000000    4.398338724000    0.000000000000
    0.000000000000    0.000000000000    0.000000000000    0.000000000000
    0.000000000000    0.000000000000    0.000000000000    0.000000000000
    0.000000000000    0.000000000000    0.000000000000    0.000000000000
    0.000000000000    0.000000000000    0.000000000000    0.000000000000
    0.000000000000    0.000000000000    0.000000000000    0.000000000000
    0.000000000000    0.000000000000    0.000000000000    0.000000000000
    0.000000000000    0.000000000000    0.000000000000    0.000000000000
    0.000000000000    0.000000000000    0.000000000000    0.000000000000
    0.000000000000    0.000000000000    0.000000000000    0.000000000000
    0.000000000000    0.000000000000    0.000000000000
 1 7
    3.792248477000    0.000000000000    3.807227193000    0.000000000000
    3.822205909000    0.000000000000    3.837184626000    0.000000000000
    3.852163342000    0.000000000000    3.867142058000    0.000000000000
    3.882120774000    0.000000000000    3.897099490000    0.000000000000
    3.912078207000    0.000000000000    3.927056923000    0.000000000000
    3.942035639000    0.000000000000    3.957014355000    0.000000000000
    3.971993071000    0.000000000000    3.986971787000    0.000000000000
    4.001950504000    0.000000000000    4.016929220000    0.000000000000
    4.031907936000    0.000000000000    4.046886652000    0.000000000000
    4.061865368000    0.000000000000    4.076844084000    0.000000000000
    4.091822801000    0.000000000000    4.106801517000    0.000000000000
    4.121780233000    0.000000000000    4.136758949000    0.000000000000
    4.151737665000    0.000000000000    4.166716381000    0.000000000000
    4.181695098000    0.000000000000    4.196673814000    0.000000000000
    4.211652530000    0.000000000000    4.226631246000    0.000000000000
    4.241609962000    0.000000000000    4.256588679000    0.000000000000
    4.271567395000    0.000000000000    4.286546111000    0.000000000000
    4.301524827000    0.000000000000    4.316503543000    0.000000000000
    4.331482259000    0.000000000000    4.346460976000    0.000000000000
    4.361439692000    0.000000000000    4.376418408000    0.000000000000
    4.391397124000    0.000000000000    4.406375840000    0.000000000000
    4.421354556000    0.000000000000    4.436333273000    0.000000000000
    4.451311989000    0.000000000000    4.466290705000    0.000000000000
    4.481269421000    0.000000000000    4.496248137000    0.000000000000
    4.511226854000    0.000000000000    4.526205570000    0.000000000000
    4.541184286000    0.000000000000    4.556163002000    0.000000000000
    4.571141718000    0.000000000000    1.514304594582    1.226671736180
    1.279654098699    1.465201327810    1.501936778442    1.641151894589
    1.460441691109    1.369816976951    1.371551016983    1.467594671455
    1.524863880910    1.402490021509    1.419306062452    1.589009502792
    1.622091694244    1.476795796597    1.344684663374    1.053706560154
    1.068919295613    1.185222103497    1.144067431920    1.220416671111
    1.252375938204    1.189841504216    1.199568265900    1.167557688962
    1.060006884860    1.021419855526    1.034088423775    1.047019013888
    1.053575391575    1.068345675738    0.989077872270    0.828748516803
    0.898221728278    0.865437258987    0.868968451573    0.862904307975
    0.901169221325    0.931132184842    0.935045493641    1.279067481283
    1.278905799283    1.278744119283    1.278582437283    1.278420755283
    1.278259074283    1.278097392283    1.277935712283    1.277774030283
    4.960588339000    0.000000000000    4.975567055000    0.000000000000
    0.000000000000    0.000000000000    0.000000000000    0.000000000000
    0.000000000000    0.000000000000    0.000000000000    0.000000000000
    0.000000000000    0.000000000000    0.000000000000    0.000000000000
    0.000000000000    0.000000000000    0.000000000000    0.000000000000
    0.000000000000    0.000000000000    0.000000000000    0.000000000000
    0.000000000000    0.000000000000    0.000000000000    0.000000000000
    0.000000000000    0.000000000000    0.000000000000    0.000000000000
    0.000000000000    0.000000000000    0.000000000000    0.000000000000
    0.000000000000    0.000000000000    0.000000000000    0.000000000000
    0.000000000000    0.000000000000    0.000000000000
 1 8
    3.792248477000    0.000000000000    3.807227193000    0.000000000000
    3.822205909000    0.000000000000    3.837184626000    0.000000000000
    3.852163342000    0.000000000000    3.867142058000    0.000000000000
    3.882120774000    0.000000000000    3.897099490000    0.000000000000
    3.912078207000    0.000000000000    3.927056923000    0.000000000000
    3.942035639000    0.000000000000    3.957014355000    0.000000000000
    3.971993071000    0.000000000000    3.986971787000    0.000000000000
    4.001950504000    0.000000000000    4.016929220000    0.000000000000
    4.031907936000    0.000000000000    4.046886652000    0.000000000000
    4.061865368000    0.000000000000    4.076844084000    0.000000000000
    4.091822801000    0.000000000000    4.106801517000    0.000000000000
    4.121780233000    0.000000000000    4.136758949000    0.000000000000
    4.151737665000    0.000000000000    4.166716381000    0.000000000000
    4.181695098000    0.000000000000    4.196673814000    0.000000000000
    4.211652530000    0.000000000000    4.226631246000    0.000000000000
    4.241609962000    0.000000000000    4.256588679000    0.000000000000
    4.271567395000    0.000000000000    4.286546111000    0.000000000000
    4.301524827000    0.000000000000    4.316503543000    0.000000000000
    4.331482259000    0.000000000000    4.346460976000    0.000000000000
    4.361439692000    0.000000000000    4.376418408000    0.000000000000
    4.391397124000    0.000000000000    4.406375840000    0.000000000000
    4.421354556000    0.000000000000    4.436333273000    0.000000000000
    4.451311989000    0.000000000000    4.466290705000    0.000000000000
    4.481269421000    0.000000000000    4.496248137000    0.000000000000
    4.511226854000    0.000000000000    4.526205570000    0.000000000000
    4.541184286000    0.000000000000    4.556163002000    0.000000000000
    4.571141718000    0.000000000000    1.514304594582    1.226671736180
    1.279654098699    1.465201327810    1.501936778442    1.641151894589
    1.460441691109    1.369816976951    1.371551016983    1.467594671455
    1.524863880910    1.402490021509    1.419306062452    1.589009502792
    1.622091694244    1.476795796597    1.344684663374    1.053706560154
    1.068919295613    1.185222103497    1.144067431920    1.220416671111
    1.252375938204    1.189841504216    1.199568265900    1.167557688962
    1.060006884860    1.021419855526    1.034088423775    1.047019013888
    1.053575391575    1.068345675738    0.989077872270    0.828748516803
    0.898221728278    0.865437258987    0.868968451573    0.862904307975
    0.901169221325    0.931132184842    0.935045493641    1.279067481283
    1.278905799283    1.278744119283    1.278582437283    1.278420755283
    1.278259074283    1.278097392283    1.277935712283    1.277774030283
    4.960588339000    0.000000000000    4.975567055000    0.000000000000
    0.000000000000    0.000000000000    0.000000000000    0.000000000000
    0.000000000000    0.000000000000    0.000000000000    0.000000000000
    0.000000000000    0.000000000000    0.000000000000    0.000000000000
    0.000000000000    0.000000000000    0.000000000000    0.000000000000
    0.000000000000    0.000000000000    0.000000000000    0.000000000000
    0.000000000000    0.000000000000    0.000000000000    0.000000000000
    0.000000000000    0.000000000000    0.000000000000    0.000000000000
    0.000000000000    0.000000000000    0.000000000000    0.000000000000
    0.000000000000    0.000000000000    0.000000000000    0.000000000000
    0.000000000000    0.000000000000    0.000000000000
 1 9
    2.293724769000    0.000000000000    2.306318458000    0.000000000000
    2.318912147000    0.000000000000    2.331505836000    0.000000000000
    2.344099524000    0.000000000000    2.356693213000    0.000000000000
    2.369286902000    0.000000000000    2.381880590000    0.000000000000
    2.394474279000    0.000000000000    2.407067968000    0.000000000000
    2.419661657000    0.000000000000    2.432255345000    0.000000000000
    2.444849034000    0.000000000000    2.457442723000    0.000000000000
    2.470036412000    0.000000000000    2.482630100000    0.000000000000
    2.495223789000    0.000000000000    2.507817478000    0.000000000000
    2.520411166000    0.000000000000    2.533004855000    0.000000000000
    2.545598544000    0.000000000000    2.558192233000    0.000000000000
    2.570785921000    0.000000000000    2.583379610000    0.000000000000
    2.595973299000    0.000000000000    2.608566988000    0.000000000000
    2.621160676000    0.000000000000    2.633754365000    0.000000000000
    2.646348054000    0.000000000000    2.658941742000    0.000000000000
    2.671535431000    0.000000000000    2.684129120000    0.000000000000
    2.696722809000    0.000000000000    2.709316497000    0.000000000000
    2.721910186000    0.000000000000    2.734503875000    0.000000000000
    2.747097564000    0.000000000000    2.759691252000    0.000000000000
    2.772284941000    0.000000000000    2.784878630000    0.000000000000
    2.797472318000    0.000000000000    2.810066007000    0.000000000000
    2.822659696000    0.000000000000    2.835253385000    0.000000000000
    2.847847073000    0.000000000000    2.860440762000    0.000000000000
    2.873034451000    0.000000000000    2.885628140000    0.000000000000
    2.898221828000    0.000000000000    2.910815517000    0.000000000000
    2.923409206000    0.000000000000    2.936002894000    0.000000000000
    2.948596583000    0.000000000000    0.163418624729   -0.064538367454
    0.008481603347    0.219710835897    0.147336953077    0.223664127202
    0.092233156415    0.099560232142    0.115249013776    0.198297528438
    0.251853891160    0.183091518138    0.244776455231    0.367151458141
    0.398791629252    0.323720572659    0.266742175224    0.059055927779
    0.070618078123    0.150775765943    0.125312052604    0.186327439427
    0.205344326947    0.144815258785    0.172002777718    0.158990621851
    0.097586107824    0.080372153758    0.075875754443    0.100893617568
    0.088634752021    0.134472635515    0.110562823506   -0.045321502453
   -0.071438002128   -0.112908150673   -0.091398029784   -0.096295019299
   -0.078750616890   -0.054276520681    0.083089472049    0.150121990578
    0.150151774113    0.150181558328    0.150211341183    0.150241124718
    0.150270908253    0.150300692467    0.150330475323   -3.693402267828
    3.276032490000    0.000000000000    3.288626179000    0.000000000000
    0.000000000000    0.000000000000    0.000000000000    0.000000000000
    0.000000000000    0.000000000000    0.000000000000    0.000000000000
    0.000000000000    0.000000000000    0.000000000000    0.000000000000
    0.000000000000    0.000000000000    0.000000000000    0.000000000000
    0.000000000000    0.000000000000    0.000000000000    0.000000000000
    0.000000000000    0.000000000000    0.000000000000    0.000000000000
    0.000000000000    0.000000000000    0.000000000000    0.000000000000
    0.000000000000    0.000000000000    0.000000000000    0.000000000000
    0.000000000000    0.000000000000    0.000000000000    0.000000000000
    0.000000000000    0.000000000000    0.000000000000
 110
    2.293724769000    0.000000000000    2.306318458000    0.000000000000
    2.318912147000    0.000000000000    2.331505836000    0.000000000000
    2.344099524000    0.000000000000    2.356693213000    0.000000000000
    2.369286902000    0.000000000000    2.381880590000    0.000000000000
    2.394474279000    0.000000000000    2.407067968000    0.000000000000
    2.419661657000    0.000000000000    2.432255345000    0.000000000000
    2.444849034000    0.000000000000    2.457442723000    0.000000000000
    2.470036412000    0.000000000000    2.482630100000    0.000000000000
    2.495223789000    0.000000000000    2.507817478000    0.000000000000
    2.520411166000    0.000000000000    2.533004855000    0.000000000000
    2.545598544000    0.000000000000    2.558192233000    0.000000000000
    2.570785921000    0.000000000000    2.583379610000    0.000000000000
    2.595973299000    0.000000000000    2.608566988000    0.000000000000
    2.621160676000    0.000000000000    2.633754365000    0.000000000000
    2.646348054000    0.000000000000    2.658941742000    0.000000000000
    2.671535431000    0.000000000000    2.684129120000    0.000000000000
    2.696722809000    0.000000000000    2.709316497000    0.000000000000
    2.721910186000    0.000000000000    2.734503875000    0.000000000000
    2.747097564000    0.000000000000    2.759691252000    0.000000000000
    2.772284941000    0.000000000000    2.784878630000    0.000000000000
    2.797472318000    0.000000000000    2.810066007000    0.000000000000
    2.822659696000    0.000000000000    2.835253385000    0.000000000000
    2.847847073000    0.000000000000    2.860440762000    0.000000000000
    2.873034451000    0.000000000000    2.885628140000    0.000000000000
    2.898221828000    0.000000000000    2.910815517000    0.000000000000
    2.923409206000    0.000000000000    2.936002894000    0.000000000000
    2.948596583000    0.000000000000    0.000000000000    0.000000000000
    0.000000000000    0.000000000000    0.000000000000    0.000000000000
    0.000000000000    0.000000000000    0.000000000000   -0.000000000000
    0.000000000000    0.000000000000    0.000000000000    0.000000000000
   -0.000000000000   -0.000000000000    0.000000000000    0.000000000000
    0.000000000000    0.000000000000    0.000000000000    0.000000000000
    0.000000000000    0.000000000000    0.000000000000    0.000000000000
    0.000000000000    0.000000000000    0.000000000000    0.000000000000
    0.000000000000    0.000000000000    0.000000000000    0.000000000000
    0.000000000000    0.000000000000    0.000000000000   -0.000000000000
    0.000000000000    0.000000000000    0.000000000000    0.000000000000
    0.000000000000    0.000000000000    0.000000000000    0.000000000000
   -0.000000000000    0.000000000000   -0.000000000000   -0.000000000000
    3.276032490000    0.000000000000    3.288626179000    0.000000000000
    0.000000000000    0.000000000000    0.000000000000    0.000000000000
    0.000000000000    0.000000000000    0.000000000000    0.000000000000
    0.000000000000    0.000000000000    0.000000000000    0.000000000000
    0.000000000000    0.000000000000    0.000000000000    0.000000000000
    0.000000000000    0.000000000000    0.000000000000    0.000000000000
    0.000000000000    0.000000000000    0.000000000000    0.000000000000
    0.000000000000    0.000000000000    0.000000000000    0.000000000000
    0.000000000000    0.000000000000    0.000000000000    0.000000000000
    0.000000000000    0.000000000000    0.000000000000    0.000000000000
    0.000000000000    0.000000000000    0.000000000000
 111
   -1.372415338000    0.000000000000   -1.372415338000    0.000000000000
   -1.372415338000    0.000000000000   -1.372415338000    0.000000000000
   -1.372415338000    0.000000000000   -1.372415338000    0.000000000000
   -1.372415338000    0.000000000000   -1.372415338000    0.000000000000
   -1.372415338000    0.000000000000   -1.372415338000    0.000000000000
   -1.372415338000    0.000000000000   -1.372415338000    0.000000000000
   -1.372415338000    0.000000000000   -1.372415338000    0.000000000000
   -1.372415338000    0.000000000000   -1.372415338000    0.000000000000
   -1.372415338000    0.000000000000   -1.372415338000    0.000000000000
   -1.372415338000    0.000000000000   -1.372415338000    0.000000000000
   -1.372415338000    0.000000000000   -1.372415338000    0.000000000000
   -1.372415338000    0.000000000000   -1.372415338000    0.000000000000
   -1.372415338000    0.000000000000   -1.372415338000    0.000000000000
   -1.372415338000    0.000000000000   -1.372415338000    0.000000000000
   -1.372415338000    0.000000000000   -1.372415338000    0.000000000000
   -1.372415338000    0.000000000000   -1.372415338000    0.000000000000
   -1.372415338000    0.000000000000   -1.372415338000    0.000000000000
   -1.372415338000    0.000000000000   -1.372415338000    0.000000000000
   -1.372415338000    0.000000000000   -1.372415338000    0.000000000000
   -1.372415338000    0.000000000000   -1.372415338000    0.000000000000
   -1.372415338000    0.000000000000   -1.372415338000    0.000000000000
   -1.372415338000    0.000000000000   -1.372415338000    0.000000000000
   -1.372415338000    0.000000000000   -1.372415338000    0.000000000000
   -1.372415338000    0.000000000000   -1.372415338000    0.000000000000
   -1.372415338000    0.000000000000   -1.372415338000    0.000000000000
   -1.372415338000    0.000000000000   -1.372415338000    0.000000000000
   -1.372415338000    0.000000000000   -1.543004516944   -1.572328211694
   -1.587244970284   -1.618093827075   -1.676435878630   -1.706296738304
   -1.745887135366   -1.780555086645   -1.833340734101   -1.843131118799
   -1.859073818444   -1.859474491828   -1.856148815395   -1.864885805578
   -1.846115997653   -1.854574395724   -1.884501456082   -1.912223083722
   -1.938575520371   -1.935270006571   -1.917282299235   -1.918020597771
   -1.905098621688   -1.916396236822   -1.917011141463   -1.938859496912
   -1.944852675545   -1.966274561509   -1.993098152504   -1.994374127387
   -2.020465047860   -2.030036184825   -2.043398776409   -2.072146104860
   -2.106264275466   -2.091233460497   -2.087517337398   -2.082701247254
   -2.074357311351   -2.051120397157   -2.046592112062   -1.957186364411
   -1.946900037001   -1.955716060512   -1.964532086908   -1.973348111146
   -1.982164136640   -1.990980160879   -1.999796186547   -2.008612210785
   -1.372415338000    0.000000000000   -1.372415338000    0.000000000000
    0.000000000000    0.000000000000    0.000000000000    0.000000000000
    0.000000000000    0.000000000000    0.000000000000    0.000000000000
    0.000000000000    0.000000000000    0.000000000000    0.000000000000
    0.000000000000    0.000000000000    0.000000000000    0.000000000000
    0.000000000000    0.000000000000    0.000000000000    0.000000000000
    0.000000000000    0.000000000000    0.000000000000    0.000000000000
    0.000000000000    0.000000000000    0.000000000000    0.000000000000
    0.000000000000    0.000000000000    0.000000000000    0.000000000000
    0.000000000000    0.000000000000    0.000000000000    0.000000000000
    0.000000000000    0.000000000000    0.000000000000
 112
   -1.372415338000    0.000000000000   -1.372415338000    0.000000000000
   -1.372415338000    0.000000000000   -1.372415338000    0.000000000000
   -1.372415338000    0.000000000000   -1.372415338000    0.000000000000
   -1.372415338000    0.000000000000   -1.372415338000    0.000000000000
   -1.372415338000    0.000000000000   -1.372415338000    0.000000000000
   -1.372415338000    0.000000000000   -1.372415338000    0.000000000000
   -1.372415338000    0.000000000000   -1.372415338000    0.000000000000
   -1.372415338000    0.000000000000   -1.372415338000    0.000000000000
   -1.372415338000    0.000000000000   -1.372415338000    0.000000000000
   -1.372415338000    0.000000000000   -1.372415338000    0.000000000000
   -1.372415338000    0.000000000000   -1.372415338000    0.000000000000
   -1.372415338000    0.000000000000   -1.372415338000    0.000000000000
   -1.372415338000    0.000000000000   -1.372415338000    0.000000000000
   -1.372415338000    0.000000000000   -1.372415338000    0.000000000000
   -1.372415338000    0.000000000000   -1.372415338000    0.000000000000
   -1.372415338000    0.000000000000   -1.372415338000    0.000000000000
   -1.372415338000    0.000000000000   -1.372415338000    0.000000000000
   -1.372415338000    0.000000000000   -1.372415338000    0.000000000000
   -1.372415338000    0.000000000000   -1.372415338000    0.000000000000
   -1.372415338000    0.000000000000   -1.372415338000    0.000000000000
   -1.372415338000    0.000000000000   -1.372415338000    0.000000000000
   -1.372415338000    0.000000000000   -1.372415338000    0.000000000000
   -1.372415338000    0.000000000000   -1.372415338000    0.000000000000
   -1.372415338000    0.000000000000   -1.372415338000    0.000000000000
   -1.372415338000    0.000000000000   -1.372415338000    0.000000000000
   -1.372415338000    0.000000000000   -1.372415338000    0.000000000000
   -1.372415338000    0.000000000000   -1.543004516944   -1.572328211694
   -1.587244970284   -1.618093827075   -1.676435878630   -1.706296738304
   -1.745887135366   -1.780555086645   -1.833340734101   -1.843131118799
   -1.859073818444   -1.859474491828   -1.856148815395   -1.864885805578
   -1.846115997653   -1.854574395724   -1.884501456082   -1.912223083722
   -1.938575520371   -1.935270006571   -1.917282299235   -1.918020597771
   -1.905098621688   -1.916396236822   -1.917011141463   -1.938859496912
   -1.944852675545   -1.966274561509   -1.993098152504   -1.994374127387
   -2.020465047860   -2.030036184825   -2.043398776409   -2.072146104860
   -2.106264275466   -2.091233460497   -2.087517337398   -2.082701247254
   -2.074357311351   -2.051120397157   -2.046592112062   -1.957186364411
   -1.946900037001   -1.955716060512   -1.964532086908   -1.973348111146
   -1.982164136640   -1.990980160879   -1.999796186547   -2.008612210785
   -1.372415338000    0.000000000000   -1.372415338000    0.000000000000
    0.000000000000    0.000000000000    0.000000000000    0.000000000000
    0.000000000000    0.000000000000    0.000000000000    0.000000000000
    0.000000000000    0.000000000000    0.000000000000    0.000000000000
    0.000000000000    0.000000000000    0.000000000000    0.000000000000
    0.000000000000    0.000000000000    0.000000000000    0.000000000000
    0.000000000000    0.000000000000    0.000000000000    0.000000000000
    0.000000000000    0.000000000000    0.000000000000    0.000000000000
    0.000000000000    0.000000000000    0.000000000000    0.000000000000
    0.000000000000    0.000000000000    0.000000000000    0.000000000000
    0.000000000000    0.000000000000    0.000000000000
 113
   -1.411261950000    0.000000000000   -1.411261950000    0.000000000000
   -1.411261950000    0.000000000000   -1.411261950000    0.000000000000
   -1.411261950000    0.000000000000   -1.411261950000    0.000000000000
   -1.411261950000    0.000000000000   -1.411261950000    0.000000000000
   -1.411261950000    0.000000000000   -1.411261950000    0.000000000000
   -1.411261950000    0.000000000000   -1.411261950000    0.000000000000
   -1.411261950000    0.000000000000   -1.411261950000    0.000000000000
   -1.411261950000    0.000000000000   -1.411261950000    0.000000000000
   -1.411261950000    0.000000000000   -1.411261950000    0.000000000000
   -1.411261950000    0.000000000000   -1.411261950000    0.000000000000
   -1.411261950000    0.000000000000   -1.411261950000    0.000000000000
   -1.411261950000    0.000000000000   -1.411261950000    0.000000000000
   -1.411261950000    0.000000000000   -1.411261950000    0.000000000000
   -1.411261950000    0.000000000000   -1.411261950000    0.000000000000
   -1.411261950000    0.000000000000   -1.411261950000    0.000000000000
   -1.411261950000    0.000000000000   -1.411261950000    0.000000000000
   -1.411261950000    0.000000000000   -1.411261950000    0.000000000000
   -1.411261950000    0.000000000000   -1.411261950000    0.000000000000
   -1.411261950000    0.000000000000   -1.411261950000    0.000000000000
   -1.411261950000    0.000000000000   -1.411261950000    0.000000000000
   -1.411261950000    0.000000000000   -1.411261950000    0.000000000000
   -1.411261950000    0.000000000000   -1.411261950000    0.000000000000
   -1.411261950000    0.000000000000   -1.411261950000    0.000000000000
   -1.411261950000    0.000000000000   -1.411261950000    0.000000000000
   -1.411261950000    0.000000000000   -1.411261950000    0.000000000000
   -1.411261950000    0.000000000000   -1.411261950000    0.000000000000
   -1.411261950000    0.000000000000   -0.228513696354   -0.190449941217
   -0.178825249370   -0.184472211087   -0.230823056999   -0.238138696618
   -0.273507352854   -0.311679757526   -0.386137723861   -0.402043027987
   -0.436439581418   -0.473920612533   -0.522276566044   -0.588226789454
   -0.621576206521   -0.633289639695   -0.675878040563   -0.705020603281
   -0.768102173001   -0.811789313288   -0.837004288531   -0.879377762354
   -0.888335496009   -0.900645989771   -0.933895527326   -0.949839425149
   -0.965812953878   -1.003961111682   -1.031638772625   -1.028988237017
   -1.041467085773   -1.050086904749   -1.101872875085   -1.098515273540
   -1.115107114819   -1.131771709894   -1.160988026327   -1.190763545578
   -1.225547333315   -1.194815549715   -1.207699858765   -1.162020671552
   -1.166031761553   -1.169978229918   -1.173861117748   -1.177681449375
   -1.181440232625   -1.185138459087   -1.188777104378   -1.192357128392
   -1.411261950000    0.000000000000   -1.411261950000    0.000000000000
    0.000000000000    0.000000000000    0.000000000000    0.000000000000
    0.000000000000    0.000000000000    0.000000000000    0.000000000000
    0.000000000000    0.000000000000    0.000000000000    0.000000000000
    0.000000000000    0.000000000000    0.000000000000    0.000000000000
    0.000000000000    0.000000000000    0.000000000000    0.000000000000
    0.000000000000    0.000000000000    0.000000000000    0.000000000000
    0.000000000000    0.000000000000    0.000000000000    0.000000000000
    0.000000000000    0.000000000000    0.000000000000    0.000000000000
    0.000000000000    0.000000000000    0.000000000000    0.000000000000
    0.000000000000    0.000000000000    0.000000000000
 114
   -1.411261950000    0.000000000000   -1.411261950000    0.000000000000
   -1.411261950000    0.000000000000   -1.411261950000    0.000000000000
   -1.411261950000    0.000000000000   -1.411261950000    0.000000000000
   -1.411261950000    0.000000000000   -1.411261950000    0.000000000000
   -1.411261950000    0.000000000000   -1.411261950000    0.000000000000
   -1.411261950000    0.000000000000   -1.411261950000    0.000000000000
   -1.411261950000    0.000000000000   -1.411261950000    0.000000000000
   -1.411261950000    0.000000000000   -1.411261950000    0.000000000000
   -1.411261950000    0.000000000000   -1.411261950000    0.000000000000
   -1.411261950000    0.000000000000   -1.411261950000    0.000000000000
   -1.411261950000    0.000000000000   -1.411261950000    0.000000000000
   -1.411261950000    0.000000000000   -1.411261950000    0.000000000000
   -1.411261950000    0.000000000000   -1.411261950000    0.000000000000
   -1.411261950000    0.000000000000   -1.411261950000    0.000000000000
   -1.411261950000    0.000000000000   -1.411261950000    0.000000000000
   -1.411261950000    0.000000000000   -1.411261950000    0.000000000000
   -1.411261950000    0.000000000000   -1.411261950000    0.000000000000
   -1.411261950000    0.000000000000   -1.411261950000    0.000000000000
   -1.411261950000    0.000000000000   -1.411261950000    0.000000000000
   -1.411261950000    0.000000000000   -1.411261950000    0.000000000000
   -1.411261950000    0.000000000000   -1.411261950000    0.000000000000
   -1.411261950000    0.000000000000   -1.411261950000    0.000000000000
   -1.411261950000    0.000000000000   -1.411261950000    0.000000000000
   -1.411261950000    0.000000000000   -1.411261950000    0.000000000000
   -1.411261950000    0.000000000000   -1.411261950000    0.000000000000
   -1.411261950000    0.000000000000   -1.411261950000    0.000000000000
   -1.411261950000    0.000000000000   -0.297079904088   -0.258591305230
   -0.246544351507   -0.251771617505   -0.297705318260   -0.304606347782
   -0.339562913578   -0.377325732152   -0.451376601512   -0.466877282660
   -0.500871672075   -0.537952983192   -0.585911645870   -0.651466992851
   -0.684423933219   -0.695747274841   -0.737947954809   -0.766705152872
   -0.829403699863   -0.872710145114   -0.897546738869   -0.939544130692
   -0.948128067860   -0.960067036759   -0.992947307271   -1.008524182148
   -1.024132918391   -1.061918500614   -1.089235789409   -1.086227071696
   -1.098349915079   -1.106615892186   -1.158050171010   -1.154343015242
   -1.170587426597   -1.186906703139   -1.215779799597   -1.245214184678
   -1.279658911375   -1.248590127266   -1.261139483816   -1.215127379665
   -1.218807575920   -1.222425161436   -1.225981165095   -1.229476599079
   -1.232912459144   -1.236289724880   -1.239609359976   -1.242872312475
   -1.411261950000    0.000000000000   -1.411261950000    0.000000000000
    0.000000000000    0.000000000000    0.000000000000    0.000000000000
    0.000000000000    0.000000000000    0.000000000000    0.000000000000
    0.000000000000    0.000000000000    0.000000000000    0.000000000000
    0.000000000000    0.000000000000    0.000000000000    0.000000000000
    0.000000000000    0.000000000000    0.000000000000    0.000000000000
    0.000000000000    0.000000000000    0.000000000000    0.000000000000
    0.000000000000    0.000000000000    0.000000000000    0.000000000000
    0.000000000000    0.000000000000    0.000000000000    0.000000000000
    0.000000000000    0.000000000000    0.000000000000    0.000000000000
    0.000000000000    0.000000000000    0.000000000000
 115
    3.728697276000    0.000000000000    3.743196966000    0.000000000000
    3.757696655000    0.000000000000    3.772196345000    0.000000000000
    3.786696034000    0.000000000000    3.801195724000    0.000000000000
    3.815695413000    0.000000000000    3.830195103000    0.000000000000
    3.844694792000    0.000000000000    3.859194482000    0.000000000000
    3.873694171000    0.000000000000    3.888193861000    0.000000000000
    3.902693550000    0.000000000000    3.917193240000    0.000000000000
    3.931692929000    0.000000000000    3.946192619000    0.000000000000
    3.960692308000    0.000000000000    3.975191998000    0.000000000000
    3.989691687000    0.000000000000    4.004191377000    0.000000000000
    4.018691066000    0.000000000000    4.033190756000    0.000000000000
    4.047690445000    0.000000000000    4.062190135000    0.000000000000
    4.076689824000    0.000000000000    4.091189514000    0.000000000000
    4.105689203000    0.000000000000    4.120188893000    0.000000000000
    4.134688582000    0.000000000000    4.149188272000    0.000000000000
    4.163687961000    0.000000000000    4.178187651000    0.000000000000
    4.192687340000    0.000000000000    4.207187030000    0.000000000000
    4.221686719000    0.000000000000    4.236186409000    0.000000000000
    4.250686098000    0.000000000000    4.265185788000    0.000000000000
    4.279685477000    0.000000000000    4.294185167000    0.000000000000
    4.308684856000    0.000000000000    4.323184546000    0.000000000000
    4.337684235000    0.000000000000    4.352183925000    0.000000000000
    4.366683614000    0.000000000000    4.381183304000    0.000000000000
    4.395682993000    0.000000000000    4.410182683000    0.000000000000
    4.424682372000    0.000000000000    4.439182062000    0.000000000000
    4.453681751000    0.000000000000    4.468181441000    0.000000000000
    4.482681130000    0.000000000000   -0.036035712234   -0.041265138756
   -0.033960753332   -0.048438372921   -0.071019641781   -0.015329951634
   -0.015983843641   -0.015921442968   -0.067927679978   -0.069882240064
   -0.076968466977   -0.082746457931   -0.109460714123   -0.152603727719
   -0.132537211841   -0.099096303704   -0.109042756980   -0.120461361237
   -0.165851007745   -0.179034006295   -0.166070234305   -0.186925909274
   -0.171933893338   -0.171852800711   -0.160332069275   -0.182767146186
   -0.170541774321   -0.180136851144   -0.203918530333   -0.190836536096
   -0.189887438170   -0.193414552966   -0.213744177542   -0.216665722025
   -0.240481990816   -0.215663939010   -0.228398683885   -0.237391001249
   -0.259692100934   -0.236198125708   -0.237542948332   -0.219451447233
   -0.200188234233   -0.200188233233   -0.200188234233   -0.200188233233
   -0.200188234233   -0.200188233233   -0.200188234233   -0.200188233233
    4.859673057000    0.000000000000    4.874172747000    0.000000000000
    0.000000000000    0.000000000000    0.000000000000    0.000000000000
    0.000000000000    0.000000000000    0.000000000000    0.000000000000
    0.000000000000    0.000000000000    0.000000000000    0.000000000000
    0.000000000000    0.000000000000    0.000000000000    0.000000000000
    0.000000000000    0.000000000000    0.000000000000    0.000000000000
    0.000000000000    0.000000000000    0.000000000000    0.000000000000
    0.000000000000    0.000000000000    0.000000000000    0.000000000000
    0.000000000000    0.000000000000    0.000000000000    0.000000000000
    0.000000000000    0.000000000000    0.000000000000    0.000000000000
    0.000000000000    0.000000000000    0.000000000000
 116
    3.728697276000    0.000000000000    3.743196966000    0.000000000000
    3.757696655000    0.000000000000    3.772196345000    0.000000000000
    3.786696034000    0.000000000000    3.801195724000    0.000000000000
    3.815695413000    0.000000000000    3.830195103000    0.000000000000
    3.844694792000    0.000000000000    3.859194482000    0.000000000000
    3.873694171000    0.000000000000    3.888193861000    0.000000000000
    3.902693550000    0.000000000000    3.917193240000    0.000000000000
    3.931692929000    0.000000000000    3.946192619000    0.000000000000
    3.960692308000    0.000000000000    3.975191998000    0.000000000000
    3.989691687000    0.000000000000    4.004191377000    0.000000000000
    4.018691066000    0.000000000000    4.033190756000    0.000000000000
    4.047690445000    0.000000000000    4.062190135000    0.000000000000
    4.076689824000    0.000000000000    4.091189514000    0.000000000000
    4.105689203000    0.000000000000    4.120188893000    0.000000000000
    4.134688582000    0.000000000000    4.149188272000    0.000000000000
    4.163687961000    0.000000000000    4.178187651000    0.000000000000
    4.192687340000    0.000000000000    4.207187030000    0.000000000000
    4.221686719000    0.000000000000    4.236186409000    0.000000000000
    4.250686098000    0.000000000000    4.265185788000    0.000000000000
    4.279685477000    0.000000000000    4.294185167000    0.000000000000
    4.308684856000    0.000000000000    4.323184546000    0.000000000000
    4.337684235000    0.000000000000    4.352183925000    0.000000000000
    4.366683614000    0.000000000000    4.381183304000    0.000000000000
    4.395682993000    0.000000000000    4.410182683000    0.000000000000
    4.424682372000    0.000000000000    4.439182062000    0.000000000000
    4.453681751000    0.000000000000    4.468181441000    0.000000000000
    4.482681130000    0.000000000000   -0.033225989626   -0.038768639559
   -0.031489886700   -0.045923024413   -0.068428820821   -0.012849755524
   -0.013461764446   -0.013036085955   -0.064532315197   -0.066413595447
   -0.073324949654   -0.078765086427   -0.105160730256   -0.147802241928
   -0.127522174167   -0.093947415190   -0.103544021382   -0.114703715347
   -0.159699386686   -0.172674698102   -0.159545594333   -0.180153218162
   -0.165226475513   -0.165113977137   -0.153428057087   -0.175762419812
   -0.163336014949   -0.172657266060   -0.196309032691   -0.183276674297
   -0.182276824652   -0.185782238239   -0.205811656341   -0.208633305253
   -0.232449388139   -0.207568551490   -0.220051292367   -0.228840551351
   -0.250868831837   -0.227681791812   -0.228997869129   -0.211671047431
   -0.192407834431   -0.192407833431   -0.192407834431   -0.192407833431
   -0.192407834431   -0.192407833431   -0.192407834431   -0.192407833431
    4.859673057000    0.000000000000    4.874172747000    0.000000000000
    0.000000000000    0.000000000000    0.000000000000    0.000000000000
    0.000000000000    0.000000000000    0.000000000000    0.000000000000
    0.000000000000    0.000000000000    0.000000000000    0.000000000000
    0.000000000000    0.000000000000    0.000000000000    0.000000000000
    0.000000000000    0.000000000000    0.000000000000    0.000000000000
    0.000000000000    0.000000000000    0.000000000000    0.000000000000
    0.000000000000    0.000000000000    0.000000000000    0.000000000000
    0.000000000000    0.000000000000    0.000000000000    0.000000000000
    0.000000000000    0.000000000000    0.000000000000    0.000000000000
    0.000000000000    0.000000000000    0.000000000000
